405500000 1
405503600 -3470399
405475778 -6940799
405416538 -10410930
405325885 -13880524
405203829 -17349311
405050379 -20817022
404865547 -24283391
404649348 -27748147
404401797 -31211022
404122914 -34671750
403812717 -38130060
403471230 -41585686
403098477 -45038359
402694484 -48487813
402259280 -51933780
401792894 -55375992
401295361 -58814182
400766713 -62248085
400206988 -65677432
399616225 -69101959
398994463 -72521398
398341746 -75935485
397658118 -79343954
396943626 -82746538
396198319 -86142975
395422248 -89532998
394615464 -92916344
393778025 -96292748
392909985 -99661947
392011405 -103023678
391082345 -106377678
390122869 -109723684
389133040 -113061435
388112928 -116390667
387062600 -119711121
385982128 -123022535
384871586 -126324648
383731048 -129617201
382560592 -132899935
381360297 -136172589
380130246 -139434906
378870520 -142686627
377581206 -145927495
376262392 -149157253
374914167 -152375644
373536623 -155582413
372129853 -158777303
370693954 -161960061
369229023 -165130432
367735159 -168288161
366212466 -171432998
364661047 -174564688
363081007 -177682980
361472456 -180787624
359835503 -183878368
358170260 -186954964
356476842 -190017162
354755365 -193064713
353005946 -196097371
351228708 -199114889
349423771 -202117020
347591261 -205103520
345731304 -208074143
343844029 -211028647
341929566 -213966788
339988047 -216888324
338019608 -219793015
336024386 -222680619
334002519 -225550898
331954147 -228403613
329879415 -231238526
327778466 -234055402
325651448 -236854003
323498510 -239634095
321319803 -242395445
319115480 -245137820
316885696 -247860987
314630608 -250564717
312350376 -253248780
310045160 -255912946
307715124 -258556988
305360433 -261180680
302981255 -263783797
300577759 -266366114
298150116 -268927408
295698499 -271467457
293223085 -273986040
290724049 -276482939
288201573 -278957934
285655836 -281410808
283087023 -283841346
280495319 -286249334
277880911 -288634557
275243989 -290996804
272584744 -293335864
269903370 -295651528
267200061 -297943589
264475015 -300211838
261728432 -302456072
258960513 -304676087
256171460 -306871680
253361480 -309042650
250530778 -311188799
247679565 -313309928
244808052 -315405842
241916450 -317476344
239004975 -319521243
236073845 -321540346
233123277 -323533464
230153492 -325500408
227164713 -327440991
224157163 -329355028
221131071 -331242336
218086663 -333102733
215024169 -334936039
211943822 -336742076
208845855 -338520667
205730504 -340271638
202598007 -341994816
199448602 -343690029
196282530 -345357109
193100035 -346995887
189901362 -348606200
186686756 -350187883
183456466 -351740774
180210743 -353264714
176949837 -354759545
173674002 -356225112
170383494 -357661260
167078569 -359067839
163759487 -360444699
160426508 -361791692
157079893 -363108673
153719907 -364395498
150346814 -365652028
146960883 -366878122
143562381 -368073644
140151578 -369238459
136728748 -370372436
133294163 -371475444
129848098 -372547356
126390830 -373588046
122922637 -374597391
119443799 -375575271
115954597 -376521567
112455313 -377436162
108946232 -378318945
105427639 -379169803
101899821 -379988627
98363067 -380775313
94817667 -381529755
91263911 -382251853
87702093 -382941508
84132506 -383598624
80555445 -384223107
76971207 -384814868
73380090 -385373817
69782393 -385899868
66178416 -386392940
62568461 -386852951
58952830 -387279825
55331828 -387673486
51705758 -388033862
48074929 -388360885
44439646 -388654486
40800218 -388914604
37156954 -389141177
33510165 -389334147
29860162 -389493458
26207258 -389619060
22551766 -389710901
18894000 -389768936
15234275 -389793122
11572907 -389783418
7910213 -389739785
4246511 -389662191
582119 -389550603
-3082644 -389404993
-6747458 -389225334
-10412002 -389011606
-14075956 -388763789
-17738996 -388481866
-21400801 -388165824
-25061047 -387815654
-28719412 -387431348
-32375570 -387012903
-36029198 -386560319
-39679970 -386073597
-43327561 -385552745
-46971645 -384997771
-50611896 -384408688
-54247987 -383785511
-57879592 -383128259
-61506384 -382436955
-65128035 -381711623
-68744218 -380952292
-72354605 -380158995
-75958870 -379331766
-79556684 -378470645
-83147719 -377575673
-86731649 -376646896
-90308144 -375684362
-93876879 -374688123
-97437524 -373658235
-100989754 -372594757
-104533241 -371497750
-108067658 -370367281
-111592678 -369203418
-115107976 -368006233
-118613225 -366775803
-122108100 -365512206
-125592275 -364215525
-129065427 -362885846
-132527232 -361523259
-135977364 -360127856
-139415503 -358699733
-142841325 -357238991
-146254508 -355745732
-149654733 -354220063
-153041678 -352662094
-156415025 -351071938
-159774455 -349449712
-163119649 -347795537
-166450293 -346109535
-169766069 -344391835
-173066664 -342642566
-176351763 -340861862
-179621054 -339049862
-182874225 -337206704
-186110967 -335332534
-189330970 -333427499
-192533926 -331491750
-195719530 -329525441
-198887475 -327528730
-202037459 -325501777
-205169179 -323444746
-208282333 -321357806
-211376624 -319241127
-214451753 -317094884
-217507424 -314919254
-220543343 -312714417
-223559217 -310480557
-226554755 -308217863
-229529667 -305926524
-232483667 -303606734
-235416468 -301258690
-238327787 -298882593
-241217343 -296478645
-244084855 -294047052
-246930047 -291588025
-249752641 -289101776
-252552365 -286588520
-255328948 -284048477
-258082120 -281481868
-260811614 -278888918
-263517166 -276269855
-266198514 -273624909
-268855396 -270954315
-271487556 -268258309
-274094739 -265537130
-276676691 -262791022
-279233164 -260020228
-281763908 -257224998
-284268679 -254405581
-286747234 -251562232
-289199334 -248695207
-291624742 -245804765
-294023223 -242891168
-296394545 -239954679
-298738481 -236995565
-301054803 -234014097
-303343289 -231010546
-305603719 -227985186
-307835875 -224938294
-310039543 -221870150
-312214512 -218781036
-314360574 -215671235
-316477524 -212541033
-318565159 -209390720
-320623281 -206220586
-322651693 -203030925
-324650204 -199822031
-326618623 -196594202
-328556766 -193347738
-330464449 -190082939
-332341492 -186800110
-334187719 -183499556
-336002958 -180181584
-337787039 -176846504
-339539796 -173494626
-341261066 -170126263
-342950691 -166741730
-344608514 -163341344
-346234383 -159925421
-347828150 -156494283
-349389669 -153048249
-350918799 -149587643
-352415402 -146112788
-353879344 -142624011
-355310493 -139121637
-356708722 -135605997
-358073908 -132077418
-359405931 -128536232
-360704675 -124982771
-361970028 -121417367
-363201879 -117840356
-364400125 -114252072
-365564665 -110652853
-366695399 -107043034
-367792235 -103422954
-368855082 -99792953
-369883855 -96153370
-370878470 -92504546
-371838848 -88846822
-372764915 -85180540
-373656600 -81506042
-374513834 -77823672
-375336555 -74133774
-376124703 -70436692
-376878221 -66732770
-377597058 -63022353
-378281165 -59305786
-378930497 -55583415
-379545014 -51855587
-380124679 -48122646
-380669458 -44384938
-381179323 -40642811
-381654248 -36896610
-382094211 -33146681
-382499195 -29393370
-382869184 -25637023
-383204169 -21877987
-383504144 -18116606
-383769104 -14353227
-383999053 -10588193
-384193993 -6821850
-384353934 -3054542
-384478887 713387
-384568870 4481595
-384623900 8249737
-384644002 12017472
-384629202 15784459
-384579531 19550356
-384495024 23314824
-384375718 27077523
-384221655 30838114
-384032879 34596259
-383809441 38351623
-383551391 42103869
-383258786 45852661
-382931686 49597667
-382570152 53338554
-382174252 57074989
-381744055 60806643
-381279634 64533185
-380781067 68254289
-380248433 71969626
-379681816 75678872
-379081302 79381703
-378446982 83077795
-377778949 86766827
-377077301 90448480
-376342136 94122435
-375573558 97788376
-374771674 101445987
-373936593 105094954
-373068428 108734966
-372167295 112365712
-371233313 115986883
-370266603 119598174
-369267291 123199278
-368235505 126789894
-367171376 130369718
-366075038 133938452
-364946627 137495799
-363786284 141041462
-362594151 144575148
-361370373 148096565
-360115099 151605424
-358828479 155101437
-357510668 158584319
-356161821 162053786
-354782097 165509556
-353371659 168951351
-351930671 172378894
-350459298 175791911
-348957711 179190127
-347426081 182573275
-345864583 185941084
-344273393 189293291
-342652690 192629631
-341002655 195949844
-339323473 199253670
-337615328 202540854
-335878410 205811142
-334112909 209064283
-332319017 212300027
-330496929 215518127
-328646841 218718341
-326768953 221900426
-324863466 225064143
-322930582 228209256
-320970507 231335530
-318983446 234442735
-316969609 237530641
-314929206 240599022
-312862450 243647654
-310769554 246676316
-308650734 249684789
-306506208 252672858
-304336196 255640309
-302140917 258586932
-299920594 261512518
-297675452 264416862
-295405716 267299761
-293111612 270161016
-290793370 273000429
-288451219 275817805
-286085390 278612952
-283696117 281385681
-281283632 284135806
-278848171 286863141
-276389972 289567507
-273909270 292248725
-271406306 294906618
-268881319 297541014
-266334550 300151742
-263766242 302738634
-261176638 305301527
-258565981 307840257
-255934518 310354664
-253282494 312844593
-250610156 315309889
-247917753 317750401
-245205532 320165979
-242473745 322556479
-239722640 324921756
-236952470 327261671
-234163486 329576085
-231355940 331864863
-228530086 334127873
-225686177 336364985
-222824469 338576072
-219945215 340761010
-217048672 342919677
-214135095 345051954
-211204741 347157724
-208257867 349236873
-205294730 351289292
-202315588 353314870
-199320699 355313504
-196310321 357285088
-193284713 359229523
-190244134 361146710
-187188843 363036555
-184119100 364898965
-181035164 366733849
-177937295 368541120
-174825753 370320693
-171700799 372072486
-168562691 373796417
-165411691 375492411
-162248059 377160392
-159072055 378800288
-155883939 380412029
-152683971 381995547
-149472412 383550778
-146249521 385077660
-143015559 386576132
-139770785 388046137
-136515460 389487619
-133249842 390900527
-129974191 392284810
-126688766 393640420
-123393826 394967311
-120089629 396265441
-116776434 397534769
-113454499 398775256
-110124081 399986866
-106785438 401169566
-103438827 402323324
-100084504 403448110
-96722725 404543899
-93353747 405610665
-89977824 406648386
-86595212 407657042
-83206165 408636615
-79810936 409587088
-76409780 410508450
-73002948 411400688
-69590694 412263792
-66173269 413097757
-62750925 413902576
-59323911 414678248
-55892478 415424772
-52456875 416142148
-49017351 416830380
-45574155 417489474
-42127532 418119438
-38677731 418720280
-35224996 419292012
-31769574 419834649
-28311709 420348205
-24851645 420832698
-21389625 421288147
-17925890 421714574
-14460684 422112003
-10994245 422480458
-7526815 422819966
-4058633 423130556
-589936 423412260
2879037 423665109
6348051 423889139
9816869 424084385
13285256 424250887
16752979 424388683
20219805 424497815
23685500 424578326
27149835 424630263
30612578 424653671
34073500 424648599
37532372 424615098
40988968 424553219
44443060 424463016
47894423 424344544
51342832 424197860
54788063 424023022
58229894 423820091
61668103 423589129
65102469 423330197
68532773 423043362
71958796 422728689
75380320 422386246
78797129 422016103
82209007 421618330
85615740 421193001
89017114 420740188
92412916 420259966
95802936 419752414
99186964 419217608
102564789 418655628
105936204 418066556
109301001 417450473
112658976 416807463
116009923 416137611
119353638 415441004
122689918 414717729
126018563 413967875
129339371 413191533
132652144 412388795
135956683 411559752
139252791 410704500
142540272 409823133
145818932 408915749
149088577 407982445
152349014 407023320
155600052 406038475
158841501 405028010
162073171 403992029
165294876 402930635
168506427 401843934
171707640 400732031
174898330 399595033
178078313 398433049
181247408 397246188
184405434 396034561
187552211 394798278
190687561 393537454
193811305 392252200
196923268 390942633
200023274 389608867
203111150 388251020
206186724 386869209
209249823 385463552
212300277 384034170
215337917 382581183
218362575 381104713
221374084 379604881
224372279 378081813
227356995 376535632
230328070 374966463
233285340 373374433
236228646 371759669
239157827 370122298
242072725 368462450
244973183 366780255
247859045 365075842
250730156 363349344
253586362 361600892
256427511 359830619
259253451 358038661
262064033 356225150
264859107 354390223
267638527 352534016
270402144 350656666
273149815 348758310
275881394 346839087
278596739 344899137
281295709 342938599
283978162 340957614
286643960 338956324
289292964 336934870
291925037 334893396
294540044 332832045
297137850 330750961
299718322 328650289
302281327 326530174
304826734 324390764
307354414 322232204
309864238 320054642
312356079 317858226
314829810 315643105
317285306 313409428
319722444 311157345
322141101 308887006
324541155 306598564
326922486 304292168
329284975 301967973
331628504 299626129
333952957 297266792
336258217 294890114
338544170 292496251
340810703 290085357
343057704 287657587
345285063 285213098
347492669 282752047
349680414 280274590
351848190 277780884
353995892 275271089
356123415 272745362
358230654 270203863
360317508 267646751
362383874 265074185
364429652 262486327
366454744 259883337
368459050 257265377
370442475 254632607
372404923 251985191
374346299 249323291
376266510 246647069
378165464 243956690
380043070 241252317
381899238 238534114
383733879 235802246
385546906 233056878
387338233 230298174
389107773 227526302
390855444 224741427
392581162 221943715
394284846 219133333
395966415 216310449
397625789 213475229
399262891 210627843
400877642 207768457
402469968 204897240
404039793 202014362
405587044 199119991
407111647 196214297
408613533 193297450
410092629 190369619
411548868 187430975
412982181 184481689
414392501 181521931
415779763 178551873
417143901 175571686
418484854 172581542
419802558 169581613
421096952 166572071
422367976 163553088
423615571 160524838
424839680 157487493
426040245 154441227
427217212 151386213
428370526 148322624
429500134 145250635
430605984 142170420
431688024 139082153
432746205 135986008
433780478 132882161
434790796 129770786
435777111 126652058
436739380 123526153
437677557 120393246
438591600 117253513
439481466 114107130
440347115 110954273
441188507 107795117
442005603 104629840
442798366 101458617
443566760 98281626
444310750 95099043
445030300 91911045
445725379 88717809
446395955 85519513
447041996 82316333
447663474 79108447
448260359 75896033
448832625 72679269
449380245 69458331
449903194 66233399
450401447 63004649
450874983 59772261
451323780 56536412
451747816 53297281
452147072 50055045
452521530 46809884
452871173 43561975
453195984 40311498
453495948 37058631
453771052 33803553
454021283 30546442
454246628 27287477
454447078 24026837
454622623 20764701
454773254 17501248
454898965 14236657
454999750 10971106
455075603 7704775
455126520 4437843
455152499 1170489
455153539 -2097108
455129639 -5364770
455080799 -8632317
455007021 -11899569
454908309 -15166349
454784666 -18432477
454636097 -21697774
454462609 -24962061
454264209 -28225159
454040906 -31486889
453792709 -34747072
453519629 -38005529
453221678 -41262083
452898869 -44516553
452551216 -47768761
452178735 -51018529
451781441 -54265678
451359353 -57510029
450912490 -60751405
450440870 -63989626
449944515 -67224514
449423447 -70455892
448877689 -73683581
448307266 -76907403
447712203 -80127181
447092527 -83342736
446448265 -86553891
445779446 -89760468
445086101 -92962291
444368260 -96159181
443625956 -99350962
442859222 -102537456
442068094 -105718486
441252605 -108893877
440412795 -112063451
439548699 -115227032
438660359 -118384444
437747813 -121535511
436811104 -124680056
435850274 -127817904
434865366 -130948880
433856426 -134072808
432823500 -137189514
431766635 -140298821
430685879 -143400556
429581282 -146494544
428452894 -149580611
427300767 -152658582
426124954 -155728285
424925510 -158789544
423702489 -161842187
422455948 -164886042
421185945 -167920934
419892538 -170946692
418575787 -173963142
417235753 -176970114
415872499 -179967436
414486087 -182954935
413076584 -185932441
411644053 -188899783
410188562 -191856790
408710179 -194803293
407208974 -197739120
405685016 -200664103
404138378 -203578073
402569131 -206480859
400977350 -209372295
399363111 -212252211
397726488 -215120440
396067560 -217976814
394386405 -220821166
392683102 -223653329
390957734 -226473137
389210381 -229280424
387441128 -232075024
385650058 -234856773
383837257 -237625505
382002813 -240381056
380146812 -243123262
378269345 -245851959
376370501 -248566986
374450372 -251268178
372509051 -253955375
370546632 -256628414
368563209 -259287134
366558880 -261931374
364533740 -264560975
362487890 -267175776
360421428 -269775619
358334456 -272360344
356227076 -274929794
354099391 -277483810
351951506 -280022237
349783526 -282544916
347595559 -285051693
345387712 -287542412
343160095 -290016917
340912817 -292475056
338645991 -294916673
336359730 -297341616
334054147 -299749733
331729358 -302140871
329385478 -304514879
327022626 -306871607
324640920 -309210905
322240480 -311532623
319821427 -313836612
317383883 -316122726
314927972 -318390815
312453818 -320640735
309961547 -322872338
307451286 -325085480
304923163 -327280016
302377307 -329455802
299813849 -331612695
297232921 -333750553
294634654 -335869234
292019184 -337968598
289386645 -340048504
286737173 -342108814
284070907 -344149388
281387984 -346170089
278688544 -348170780
275972729 -350151326
273240680 -352111591
270492540 -354051440
267728455 -355970740
264948569 -357869359
262153029 -359747165
259341984 -361604027
256515581 -363439814
253673971 -365254398
250817306 -367047652
247945738 -368819446
245059419 -370569656
242158506 -372298155
239243154 -374004820
236313519 -375689527
233369759 -377352153
230412034 -378992577
227440505 -380610679
224455331 -382206340
221456676 -383779440
218444704 -385329862
215419578 -386857490
212381465 -388362210
209330532 -389843905
206266946 -391302465
203190877 -392737775
200102494 -394149726
197001968 -395538208
193889473 -396903112
190765181 -398244330
187629266 -399561756
184481904 -400855284
181323271 -402124812
178153545 -403370235
174972904 -404591452
171781528 -405788363
168579597 -406960868
165367294 -408108869
162144799 -409232270
158912298 -410330974
155669974 -411404888
152418013 -412453919
149156602 -413477974
145885929 -414476964
142606181 -415450799
139317548 -416399392
136020222 -417322656
132714392 -418220506
129400251 -419092858
126077993 -419939629
122747812 -420760740
119409903 -421556110
116064462 -422325661
112711685 -423069316
109351772 -423787000
105984919 -424478639
102611327 -425144161
99231196 -425783494
95844728 -426396570
92452124 -426983319
89053588 -427543676
85649324 -428077576
82239535 -428584954
78824427 -429065750
75404207 -429519902
71979082 -429947353
68549259 -430348044
65114946 -430721919
61676354 -431068926
58233692 -431389011
54787170 -431682123
51337001 -431948214
47883396 -432187235
44426569 -432399141
40966733 -432583886
37504101 -432741430
34038890 -432871730
30571314 -432974748
27101590 -433050446
23629934 -433098787
20156564 -433119739
16681698 -433113268
13205555 -433079344
9728353 -433017938
6250312 -432929023
2771652 -432812573
-707405 -432668565
-4186639 -432496978
-7665828 -432297791
-11144750 -432070986
-14623181 -431816547
-18100900 -431534459
-21577681 -431224710
-25053302 -430887289
-28527538 -430522187
-32000164 -430129398
-35470955 -429708915
-38939685 -429260735
-42406129 -428784858
-45870061 -428281284
-49331253 -427750015
-52789480 -427191055
-56244514 -426604412
-59696129 -425990093
-63144095 -425348108
-66588187 -424678470
-70028175 -423981192
-73463832 -423256291
-76894930 -422503785
-80321239 -421723694
-83742533 -420916040
-87158581 -420080847
-90569155 -419218141
-93974027 -418327950
-97372967 -417410304
-100765747 -416465236
-104152138 -415492778
-107531911 -414492968
-110904837 -413465844
-114270687 -412411446
-117629233 -411329816
-120980246 -410220998
-124323497 -409085040
-127658758 -407921988
-130985800 -406731895
-134304397 -405514811
-137614319 -404270793
-140915339 -402999897
-144207229 -401702181
-147489764 -400377707
-150762714 -399026537
-154025855 -397648736
-157278959 -396244372
-160521801 -394813513
-163754155 -393356232
-166975796 -391872601
-170186499 -390362696
-173386039 -388826594
-176574194 -387264375
-179750739 -385676122
-182915451 -384061917
-186068108 -382421846
-189208489 -380755999
-192336371 -379064464
-195451534 -377347333
-198553759 -375604703
-201642824 -373836667
-204718513 -372043326
-207780606 -370224779
-210828886 -368381130
-213863136 -366512482
-216883140 -364618943
-219888684 -362700621
-222879553 -360757627
-225855532 -358790075
-228816410 -356798078
-231761974 -354781755
-234692014 -352741224
-237606318 -350676606
-240504679 -348588024
-243386888 -346475604
-246252738 -344339473
-249102022 -342179760
-251934535 -339996595
-254750073 -337790113
-257548433 -335560449
-260329413 -333307738
-263092812 -331032122
-265838430 -328733740
-268566069 -326412736
-271275531 -324069255
-273966620 -321703444
-276639141 -319315451
-279292900 -316905427
-281927705 -314473525
-284543365 -312019899
-287139690 -309544707
-289716491 -307048105
-292273582 -304530255
-294810776 -301991317
-297327889 -299431457
-299824738 -296850840
-302301142 -294249633
-304756921 -291628005
-307191896 -288986127
-309605891 -286324173
-311998729 -283642316
-314370238 -280940733
-316720243 -278219602
-319048576 -275479103
-321355067 -272719417
-323639548 -269940726
-325901854 -267143217
-328141820 -264327074
-330359283 -261492487
-332554085 -258639643
-334726064 -255768736
-336875065 -252879957
-339000931 -249973501
-341103508 -247049563
-343182646 -244108341
-345238194 -241150033
-347270004 -238174841
-349277930 -235182965
-351261826 -232174608
-353221551 -229149977
-355156964 -226109275
-357067926 -223052712
-358954301 -219980494
-360815954 -216892834
-362652751 -213789941
-364464563 -210672029
-366251259 -207539311
-368012715 -204392003
-369748804 -201230321
-371459405 -198054482
-373144396 -194864707
-374803659 -191661213
-376437078 -188444223
-378044538 -185213959
-379625928 -181970644
-381181136 -178714501
-382710056 -175445758
-384212581 -172164640
-385688609 -168871374
-387138037 -165566189
-388560766 -162249315
-389956699 -158920980
-391325743 -155581418
-392667803 -152230858
-393982790 -148869535
-395270616 -145497683
-396531194 -142115534
-397764442 -138723325
-398970278 -135321292
-400148624 -131909671
-401299401 -128488700
-402422536 -125058617
-403517958 -121619660
-404585595 -118172069
-405625380 -114716083
-406637249 -111251944
-407621139 -107779891
-408576988 -104300167
-409504739 -100813014
-410404335 -97318673
-411275724 -93817388
-412118855 -90309402
-412933677 -86794959
-413720145 -83274302
-414478215 -79747676
-415207844 -76215326
-415908995 -72677496
-416581628 -69134432
-417225710 -65586378
-417841209 -62033581
-418428094 -58476286
-418986338 -54914739
-419515915 -51349185
-420016802 -47779872
-420488980 -44207044
-420932430 -40630948
-421347136 -37051830
-421733084 -33469937
-422090263 -29885514
-422418666 -26298806
-422718284 -22710061
-422989115 -19119524
-423231155 -15527439
-423444407 -11934054
-423628872 -8339612
-423784556 -4744359
-423911467 -1148540
-424009614 2447601
-424079010 6043820
-424119668 9639873
-424131606 13235517
-424114842 16830509
-424069398 20424605
-423995298 24017565
-423892567 27609145
-423761233 31199105
-423601326 34787205
-423412880 38373202
-423195928 41956859
-422950508 45537937
-422676660 49116195
-422374423 52691397
-422043843 56263305
-421684964 59831684
-421297834 63396296
-420882505 66956906
-420439026 70513281
-419967454 74065187
-419467845 77612390
-418940256 81154659
-418384749 84691763
-417801386 88223470
-417190232 91749552
-416551354 95269779
-415884820 98783925
-415190702 102291761
-414469073 105793063
-413720006 109287605
-412943580 112775164
-412139873 116255516
-411308965 119728439
-410450939 123193713
-409565881 126651118
-408653875 130100436
-407715012 133541448
-406749381 136973937
-405757074 140397690
-404738185 143812491
-403692810 147218128
-402621047 150614388
-401522994 154001061
-400398754 157377938
-399248428 160744810
-398072122 164101470
-396869942 167447713
-395641996 170783334
-394388394 174108130
-393109247 177421900
-391804668 180724442
-390474773 184015558
-389119676 187295049
-387739496 190562721
-386334353 193818376
-384904368 197061822
-383449663 200292867
-381970362 203511319
-380466591 206716989
-378938476 209909690
-377386147 213089233
-375809734 216255436
-374209367 219408113
-372585179 222547084
-370937306 225672166
-369265881 228783181
-367571043 231879952
-365852929 234962302
-364111679 238030057
-362347434 241083043
-360560335 244121090
-358750527 247144027
-356918153 250151686
-355063360 253143900
-353186294 256120503
-351287104 259081334
-349365938 262026228
-347422948 264955026
-345458285 267867570
-343472101 270763701
-341464550 273643264
-339435788 276506106
-337385969 279352073
-335315250 282181016
-333223790 284992784
-331111747 287787232
-328979280 290564212
-326826552 293323581
-324653722 296065197
-322460954 298788917
-320248411 301494605
-318016257 304182121
-315764657 306851330
-313493778 309502098
-311203786 312134292
-308894848 314747782
-306567132 317342438
-304220808 319918134
-301856046 322474743
-299473015 325012141
-297071888 327530206
-294652835 330028817
-292216029 332507855
-289761644 334967203
-287289853 337406745
-284800830 339826367
-282294751 342225956
-279771790 344605403
-277232124 346964598
-274675929 349303435
-272103383 351621806
-269514662 353919609
-266909946 356196742
-264289412 358453103
-261653239 360688594
-259001607 362903118
-256334696 365096579
-253652685 367268884
-250955755 369419939
-248244088 371549655
-245517863 373657943
-242777264 375744716
-240022471 377809887
-237253667 379853374
-234471035 381875093
-231674756 383874965
-228865014 385852909
-226041993 387808850
-223205875 389742711
-220356844 391654417
-217495084 393543897
-214620779 395411080
-211734112 397255896
-208835269 399078278
-205924434 400878160
-203001790 402655477
-200067523 404410166
-197121817 406142167
-194164858 407851419
-191196829 409537864
-188217915 411201446
-185228302 412842110
-182228174 414459802
-179217717 416054471
-176197114 417626066
-173166551 419174538
-170126213 420699841
-167076284 422201928
-164016949 423680755
-160948393 425136280
-157870800 426568461
-154784354 427977259
-151689240 429362635
-148585643 430724553
-145473745 432062977
-142353731 433377874
-139225784 434669211
-136090089 435936959
-132946828 437181086
-129796185 438401566
-126638343 439598371
-123473484 440771477
-120301791 441920860
-117123446 443046498
-113938632 444148370
-110747529 445226456
-107550320 446280739
-104347186 447311202
-101138308 448317829
-97923867 449300607
-94704042 450259522
-91479014 451194565
-88248963 452105724
-85014068 452992992
-81774507 453856360
-78530461 454695824
-75282107 455511379
-72029622 456303021
-68773186 457070748
-65512974 457814560
-62249164 458534458
-58981931 459230442
-55711453 459902517
-52437905 460550686
-49161462 461174955
-45882298 461775331
-42600587 462351823
-39316505 462904438
-36030224 463433188
-32741916 463938085
-29451756 464419142
-26159913 464876372
-22866561 465309790
-19571870 465719414
-16276010 466105261
-12979151 466467349
-9681464 466805698
-6383117 467120330
-3084278 467411266
214884 467678531
3514202 467922147
6813509 468142141
10112639 468338540
13411426 468511371
16709705 468660662
20007311 468786443
23304079 468888747
26599847 468967603
29894452 469023046
33187730 469055109
36479520 469063827
39769661 469049237
43057993 469011375
46344354 468950280
49628586 468865991
52910530 468758547
56190027 468627990
59466920 468474361
62741052 468297705
66012266 468098064
69280407 467875483
72545320 467630009
75806849 467361688
79064841 467070568
82319144 466756697
85569603 466420125
88816068 466060902
92058387 465679080
95296409 465274711
98529984 464847847
101758963 464398543
104983197 463926854
108202538 463432835
111416839 462916543
114625952 462378035
117829733 461817368
121028036 461234604
124220715 460629800
127407627 460003017
130588629 459354318
133763577 458683764
136932331 457991418
140094748 457277345
143250688 456541608
146400011 455784273
149542578 455005406
152678250 454205073
155806890 453383344
158928360 452540285
162042524 451675966
165149246 450790457
168248391 449883827
171339825 448956149
174423414 448007495
177499025 447037936
180566526 446047547
183625785 445036401
186676672 444004572
189719057 442952137
192752809 441879171
195777801 440785751
198793905 439671954
201800992 438537858
204798937 437383543
207787614 436209086
210766897 435014568
213736663 433800069
216696787 432565671
219647147 431311455
222587620 430037503
225518085 428743899
228438421 427430726
231348508 426098067
234248227 424746008
237137458 423374634
240016085 421984031
242883989 420574285
245741054 419145482
248587165 417697711
251422206 416231060
254246064 414745616
257058624 413241469
259859774 411718709
262649401 410177426
265427395 408617710
268193644 407039653
270948038 405443346
273690468 403828881
276420826 402196351
279139004 400545850
281844895 398877470
284538392 397191306
287219389 395487453
289887782 393766005
292543467 392027058
295186340 390270709
297816299 388497053
300433240 386706187
303037064 384898209
305627669 383073217
308204955 381231308
310768824 379372582
313319177 377497137
315855916 375605072
318378944 373696489
320888165 371771487
323383483 369830166
325864804 367872629
328332033 365898976
330785078 363909309
333223844 361903731
335648241 359882344
338058177 357845252
340453562 355792558
342834305 353724365
345200318 351640778
347551512 349541902
349887799 347427841
352209093 345298701
354515307 343154587
356806356 340995605
359082155 338821862
361342619 336633464
363587666 334430518
365817212 332213132
368031176 329981413
370229476 327735469
372412032 325475408
374578763 323201340
376729591 320913372
378864438 318611615
380983224 316296178
383085874 313967170
385172311 311624702
387242460 309268884
389296244 306899827
391333591 304517642
393354426 302122440
395358677 299714333
397346272 297293433
399317138 294859851
401271206 292413701
403208405 289955095
405128666 287484146
407031920 285000967
408918099 282505671
410787137 279998373
412638965 277479186
414473519 274948224
416290734 272405602
418090544 269851435
419872887 267285837
421637698 264708924
423384915 262120812
425114478 259521615
426826324 256911450
428520393 254290432
430196626 251658679
431854963 249016306
433495347 246363431
435117719 243700169
436722024 241026640
438308203 238342959
439876203 235649245
441425968 232945615
442957444 230232187
444470577 227509080
445965315 224776411
447441605 222034300
448899397 219282865
450338638 216522225
451759280 213752499
453161272 210973806
454544566 208186267
455909115 205389999
457254869 202585125
458581784 199771762
459889812 196950033
461178908 194120056
462449029 191281952
463700129 188435842
464932165 185581847
466145095 182720088
467338877 179850686
468513470 176973761
469668832 174089436
470804924 171197832
471921707 168299071
473019142 165393275
474097191 162480565
475155817 159561063
476194983 156634892
477214653 153702175
478214793 150763033
479195367 147817590
480156341 144865967
481097683 141908289
482019359 138944677
482921339 135975255
483803590 133000147
484666082 130019475
485508786 127033363
486331671 124041934
487134710 121045313
487917875 118043623
488681138 115036987
489424473 112025530
490147853 109009376
490851255 105988648
491534652 102963472
492198022 99933972
492841341 96900271
493464587 93862494
494067737 90820767
494650771 87775213
495213668 84725957
495756408 81673125
496278972 78616841
496781341 75557230
497263498 72494416
497725425 69428526
498167106 66359685
498588525 63288017
498989667 60213648
499370517 57136703
499731061 54057308
500071287 50975588
500391181 47891669
500690732 44805676
500969929 41717735
501228761 38627972
501467218 35536512
501685291 32443481
501882972 29349005
502060252 26253210
502217125 23156221
502353584 20058165
502469624 16959167
502565238 13859354
502640423 10758851
502695175 7657785
502729491 4556281
502743367 1454466
502736803 -1647534
502709798 -4749594
502662350 -7851586
502594460 -10953385
502506128 -14054865
502397358 -17155900
502268149 -20256363
502118507 -23356128
501948433 -26455069
501757933 -29553060
501547011 -32649975
501315674 -35745687
501063926 -38840071
500791775 -41932999
500499230 -45024347
500186297 -48113988
499852987 -51201796
499499308 -54287644
499125271 -57371407
498730888 -60452958
498316169 -63532173
497881128 -66608924
497425777 -69683085
496950130 -72754531
496454201 -75823136
495938006 -78888774
495401561 -81951319
494844881 -85010646
494267985 -88066628
493670889 -91119140
493053613 -94168056
492416176 -97213251
491758597 -100254600
491080898 -103291976
490383099 -106325254
489665222 -109354309
488927291 -112379016
488169328 -115399250
487391358 -118414885
486593405 -121425796
485775495 -124431858
484937654 -127432947
484079909 -130428937
483202287 -133419704
482304816 -136405123
481387526 -139385070
480450445 -142359419
479493605 -145328047
478517037 -148290830
477520771 -151247643
476504840 -154198361
475469279 -157142862
474414119 -160081020
473339397 -163012713
472245146 -165937817
471131403 -168856208
469998205 -171767763
468845589 -174672358
467673593 -177569870
466482255 -180460177
465271616 -183343155
464041715 -186218682
462792592 -189086634
461524291 -191946890
460236853 -194799327
458930321 -197643822
457604738 -200480255
456260149 -203308502
454896600 -206128443
453514136 -208939955
452112804 -211742917
450692650 -214537208
449253724 -217322707
447796073 -220099293
446319747 -222866845
444824797 -225625243
443311273 -228374366
441779226 -231114094
440228710 -233844307
438659777 -236564886
437072480 -239275710
435466875 -241976661
433843017 -244667618
432200961 -247348464
430540764 -250019080
428862484 -252679346
427166179 -255329145
425451907 -257968358
423719728 -260596868
421969703 -263214556
420201892 -265821306
418416358 -268417001
416613162 -271001523
414792368 -273574756
412954040 -276136583
411098243 -278686888
409225042 -281225555
407334503 -283752469
405426693 -286267514
403501680 -288770576
401559532 -291261538
399600318 -293740288
397624109 -296206709
395630974 -298660690
393620985 -301102115
391594215 -303530871
389550735 -305946846
387490620 -308349926
385413943 -310739999
383320781 -313116954
381211207 -315480677
379085300 -317831058
376943136 -320167985
374784794 -322491348
372610351 -324801035
370419888 -327096938
368213485 -329378945
365991223 -331646949
363753182 -333900838
361499447 -336140505
359230100 -338365842
356945225 -340576740
354644906 -342773091
352329230 -344954789
349998282 -347121727
347652149 -349273797
345290919 -351410894
342914680 -353532913
340523522 -355639748
338117534 -357731294
335696807 -359807446
333261433 -361868101
330811503 -363913156
328347110 -365942506
325868348 -367956049
323375312 -369953683
320868096 -371935307
318346796 -373900818
315811509 -375850116
313262333 -377783100
310699364 -379699670
308122703 -381599728
305532448 -383483173
302928701 -385349907
300311561 -387199833
297681131 -389032852
295037513 -390848868
292380811 -392647784
289711128 -394429504
287028569 -396193933
284333240 -397940975
281625247 -399670537
278904696 -401382524
276171696 -403076843
273426354 -404753401
270668780 -406412106
267899084 -408052867
265117377 -409675591
262323768 -411280189
259518371 -412866571
256701299 -414434648
253872664 -415984330
251032581 -417515529
248181165 -419028158
245318531 -420522131
242444796 -421997359
239560077 -423453759
236664491 -424891245
233758157 -426309732
230841195 -427709137
227913723 -429089377
224975863 -430450369
222027736 -431792031
219069464 -433114282
216101169 -434417042
213122976 -435700231
210135007 -436963769
207137388 -438207580
204130245 -439431584
201113703 -440635705
198087889 -441819867
195052931 -442983994
192008957 -444128011
188956096 -445251845
185894477 -446355421
182824230 -447438668
179745487 -448501514
176658379 -449543887
173563038 -450565718
170459597 -451566936
167348189 -452547474
164228950 -453507263
161102012 -454446236
157967513 -455364327
154825588 -456261470
151676373 -457137601
148520006 -457992656
145356626 -458826572
142186371 -459639287
139009379 -460430739
135825791 -461200868
132635748 -461949614
129439390 -462676919
126236859 -463382725
123028298 -464066974
119813849 -464729612
116593655 -465370581
113367862 -465989830
110136613 -466587303
106900053 -467162948
103658329 -467716714
100411587 -468248551
97159974 -468758409
93903637 -469246238
90642725 -469711991
87377385 -470155622
84107767 -470577085
80834022 -470976334
77556298 -471353326
74274746 -471708018
70989519 -472040368
67700767 -472350335
64408643 -472637879
61113299 -472902962
57814890 -473145545
54513568 -473365592
51209488 -473563067
47902804 -473737934
44593672 -473890162
41282248 -474019716
37968687 -474126565
34653146 -474210678
31335782 -474272027
28016752 -474310583
24696215 -474326318
21374328 -474319207
18051250 -474289224
14727141 -474236345
11402159 -474160548
8076465 -474061810
4750218 -473940112
1423581 -473795433
-1903288 -473627755
-5230225 -473437061
-8557070 -473223336
-11883661 -472986563
-15209834 -472726730
-18535428 -472443823
-21860279 -472137832
-25184223 -471808746
-28507099 -471456556
-31828740 -471081255
-35148984 -470682835
-38467665 -470261291
-41784619 -469816620
-45099681 -469348817
-48412685 -468857882
-51723467 -468343813
-55031860 -467806612
-58337699 -467246280
-61640817 -466662820
-64941048 -466056237
-68238225 -465426537
-71532182 -464773726
-74822752 -464097812
-78109767 -463398805
-81393061 -462676716
-84672467 -461931556
-87947816 -461163339
-91218942 -460372080
-94485676 -459557793
-97747851 -458720497
-101005299 -457860209
-104257852 -456976950
-107505342 -456070740
-110747601 -455141601
-113984460 -454189558
-117215753 -453214635
-120441310 -452216858
-123660964 -451196256
-126874546 -450152856
-130081888 -449086690
-133282822 -447997788
-136477180 -446886184
-139664795 -445751912
-142845497 -444595007
-146019120 -443415506
-149185495 -442213448
-152344455 -440988873
-155495832 -439741820
-158639459 -438472333
-161775168 -437180455
-164902793 -435866232
-168022166 -434529708
-171133120 -433170934
-174235489 -431789956
-177329107 -430386826
-180413806 -428961597
-183489422 -427514319
-186555788 -426045050
-189612738 -424553843
-192660108 -423040758
-195697733 -421505851
-198725448 -419949184
-201743087 -418370817
-204750488 -416770814
-207747487 -415149239
-210733920 -413506156
-213709624 -411841634
-216674436 -410155739
-219628194 -408448543
-222570736 -406720115
-225501901 -404970528
-228421527 -403199856
-231329454 -401408173
-234225522 -399595557
-237109570 -397762085
-239981440 -395907836
-242840972 -394032890
-245688009 -392137330
-248522392 -390221239
-251343965 -388284700
-254152570 -386327801
-256948052 -384350628
-259730255 -382353270
-262499024 -380335817
-265254204 -378298360
-267995641 -376240991
-270723183 -374163805
-273436677 -372066897
-276135971 -369950363
-278820914 -367814302
-281491355 -365658812
-284147145 -363483993
-286788133 -361289949
-289414173 -359076781
-292025115 -356844594
-294620814 -354593494
-297201122 -352323589
-299765895 -350034985
-302314988 -347727793
-304848257 -345402123
-307365559 -343058088
-309866751 -340695800
-312351693 -338315375
-314820244 -335916928
-317272264 -333500576
-319707615 -331066437
-322126158 -328614632
-324527757 -326145279
-326912275 -323658503
-329279578 -321154425
-331629531 -318633170
-333962001 -316094864
-336276856 -313539632
-338573964 -310967604
-340853196 -308378907
-343114421 -305773672
-345357512 -303152031
-347582342 -300514116
-349788784 -297860060
-351976713 -295189998
-354146005 -292504067
-356296537 -289802401
-358428187 -287085141
-360540835 -284352424
-362634360 -281604391
-364708645 -278841184
-366763572 -276062943
-368799023 -273269814
-370814886 -270461939
-372811045 -267639464
-374787387 -264802536
-376743802 -261951302
-378680179 -259085910
-380596408 -256206510
-382492382 -253313252
-384367995 -250406286
-386223140 -247485766
-388057713 -244551843
-389871612 -241604673
-391664735 -238644410
-393436982 -235671210
-395188254 -232685230
-396918452 -229686626
-398627481 -226675558
-400315245 -223652185
-401981650 -220616666
-403626605 -217569163
-405250018 -214509837
-406851799 -211438851
-408431860 -208356368
-409990114 -205262552
-411526475 -202157568
-413040860 -199041581
-414533185 -195914757
-416003368 -192777264
-417451331 -189629269
-418876995 -186470940
-420280281 -183302446
-421661115 -180123957
-423019423 -176935644
-424355130 -173737676
-425668167 -170530226
-426958464 -167313465
-428225951 -164087567
-429470562 -160852704
-430692231 -157609050
-431890895 -154356780
-433066490 -151096069
-434218957 -147827091
-435348235 -144550022
-436454266 -141265039
-437536994 -137972319
-438596363 -134672039
-439632322 -131364376
-440644816 -128049509
-441633797 -124727615
-442599215 -121398875
-443541023 -118063466
-444459175 -114721568
-445353626 -111373362
-446224334 -108019028
-447071258 -104658746
-447894359 -101292696
-448693597 -97921061
-449468936 -94544020
-450220342 -91161757
-450947781 -87774452
-451651222 -84382288
-452330633 -80985446
-452985985 -77584110
-453617253 -74178462
-454224410 -70768684
-454807432 -67354960
-455366297 -63937471
-455900982 -60516402
-456411471 -57091936
-456897743 -53664255
-457359783 -50233542
-457797577 -46799982
-458211111 -43363758
-458600373 -39925052
-458965353 -36484048
-459306044 -33040930
-459622437 -29595880
-459914528 -26149082
-460182313 -22700718
-460425789 -19250973
-460644956 -15800029
-460839814 -12348068
-461010366 -8895273
-461156615 -5441827
-461278567 -1987913
-461376230 1466288
-461449610 4920594
-461498719 8374823
-461523568 11828793
-461524169 15282323
-461500538 18735232
-461452690 22187339
-461380644 25638464
-461284416 29088426
-461164030 32537045
-461019506 35984143
-460850867 39429539
-460658140 42873055
-460441350 46314512
-460200525 49753732
-459935694 53190537
-459646889 56624751
-459334141 60056195
-458997485 63484695
-458636955 66910073
-458252588 70332154
-457844422 73750763
-457412497 77165725
-456956852 80576867
-456477531 83984014
-455974577 87386994
-455448035 90785634
-454897951 94179763
-454324374 97569208
-453727351 100953800
-453106934 104333367
-452463174 107707741
-451796125 111076752
-451105841 114440232
-450392377 117798013
-449655792 121149929
-448896142 124495812
-448113489 127835497
-447307892 131168819
-446479415 134495614
-445628120 137815718
-444754072 141128968
-443857338 144435202
-442937985 147734259
-441996081 151025977
-441031696 154310197
-440044901 157586760
-439035768 160855507
-438004370 164116281
-436950782 167368924
-435875079 170613281
-434777339 173849198
-433657638 177076518
-432516058 180295089
-431352676 183504759
-430167576 186705375
-428960839 189896786
-427732550 193078843
-426482792 196251396
-425211651 199414296
-423919214 202567398
-422605570 205710553
-421270806 208843616
-419915013 211966444
-418538282 215078891
-417140705 218180815
-415722374 221272074
-414283384 224352528
-412823829 227422036
-411343806 230480460
-409843411 233527661
-408322742 236563502
-406781898 239587847
-405220978 242600562
-403640082 245601511
-402039314 248590562
-400418773 251567583
-398778565 254532443
-397118792 257485011
-395439561 260425159
-393740975 263352758
-392023143 266267682
-390286171 269169804
-388530168 272059000
-386755242 274935146
-384961504 277798118
-383149063 280647796
-381318032 283484058
-379468522 286306785
-377600646 289115858
-375714518 291911160
-373810251 294692573
-371887961 297459984
-369947763 300213277
-367989773 302952339
-366014109 305677058
-364020888 308387323
-362010228 311083024
-359982249 313764052
-357937069 316430300
-355874808 319081660
-353795588 321718027
-351699530 324339297
-349586755 326945366
-347457386 329536132
-345311547 332111493
-343149359 334671350
-340970948 337215604
-338776438 339744157
-336565954 342256911
-334339622 344753772
-332097567 347234644
-329839916 349699436
-327566797 352148053
-325278336 354580405
-322974662 356996402
-320655902 359395954
-318322186 361778975
-315973643 364145377
-313610402 366495074
-311232593 368827983
-308840346 371144019
-306433792 373443101
-304013062 375725147
-301578288 377990077
-299129600 380237813
-296667132 382468276
-294191015 384681389
-291701382 386877078
-289198367 389055267
-286682101 391215883
-284152719 393358853
-281610355 395484108
-279055141 397591576
-276487214 399681188
-273906707 401752877
-271313755 403806575
-268708492 405842218
-266091055 407859740
-263461577 409859078
-260820196 411840169
-258167046 413802952
-255502263 415747367
-252825983 417673354
-250138343 419580856
-247439479 421469816
-244729527 423340177
-242008624 425191884
-239276906 427024884
-236534511 428839124
-233781574 430634552
-231018234 432411118
-228244627 434168771
-225460890 435907465
-222667160 437627150
-219863575 439327780
-217050272 441009311
-214227388 442671698
-211395061 444314897
-208553427 445938866
-205702625 447543564
-202842791 449128951
-199974064 450694987
-197096579 452241635
-194210476 453768857
-191315890 455276616
-188412960 456764879
-185501823 458233610
-182582615 459682777
-179655474 461112347
-176720537 462522289
-173777941 463912574
-170827823 465283171
-167870319 466634053
-164905568 467965192
-161933704 469276562
-158954865 470568138
-155969188 471839896
-152976808 473091812
-149977861 474323863
-146972485 475536029
-143960814 476728288
-140942985 477900622
-137919133 479053010
-134889394 480185437
-131853903 481297885
-128812795 482390337
-125766205 483462780
-122714268 484515198
-119657119 485547580
-116594892 486559912
-113527721 487552184
-110455740 488524384
-107379084 489476504
-104297885 490408534
-101212278 491320468
-98122395 492212297
-95028369 493084017
-91930334 493935621
-88828421 494767105
-85722762 495578467
-82613491 496369703
-79500737 497140812
-76384634 497891792
-73265312 498622644
-70142902 499333369
-67017535 500023967
-63889341 500694442
-60758450 501344797
-57624993 501975035
-54489098 502585161
-51350895 503175182
-48210513 503745103
-45068080 504294932
-41923725 504824676
-38777576 505334345
-35629761 505823949
-32480407 506293496
-29329640 506742999
-26177589 507172470
-23024379 507581921
-19870136 507971365
-16714987 508340817
-13559056 508690291
-10402468 509019803
-7245349 509329370
-4087823 509619008
-930013 509888735
2227956 510138570
5385961 510368532
8543880 510578641
11701589 510768918
14858967 510939383
18015892 511090059
21172242 511220969
24327895 511332136
27482732 511423584
30636632 511495338
33789476 511547423
36941142 511579865
40091513 511592692
43240470 511585929
46387893 511559607
49533666 511513752
52677670 511448395
55819788 511363566
58959905 511259295
62097902 511135613
65233664 510992552
68367076 510830144
71498023 510648424
74626389 510447424
77752060 510227178
80874923 509987722
83994864 509729091
87111770 509451321
90225528 509154449
93336027 508838512
96443153 508503547
99546796 508149594
102646846 507776691
105743190 507384877
108835720 506974193
111924326 506544680
115008898 506096377
118089329 505629328
121165508 505143574
124237329 504639158
127304684 504116124
130367467 503574515
133425569 503014376
136478886 502435751
139527312 501838687
142570742 501223228
145609070 500589421
148642193 499937314
151670006 499266953
154692406 498578386
157709290 497871663
160720556 497146831
163726102 496403940
166725825 495643041
169719625 494864182
172707402 494067416
175689054 493252793
178664482 492420365
181633587 491570184
184596269 490702302
187552431 489816774
190501975 488913652
193444802 487992990
196380817 487054842
199309922 486099265
202232021 485126311
205147018 484136039
208054819 483128503
210955329 482103759
213848454 481061866
216734099 480002880
219612171 478926859
222482578 477833861
225345227 476723945
228200027 475597169
231046885 474453594
233885710 473293278
236716413 472116283
239538903 470922667
242353091 469712493
245158887 468485822
247956203 467242714
250744950 465983233
253525042 464707440
256296389 463415399
259058907 462107172
261812508 460782823
264557107 459442416
267292618 458086014
270018956 456713682
272736037 455325486
275443777 453921490
278142093 452501760
280830900 451066361
283510118 449615361
286179663 448148824
288839454 446666819
291489410 445169412
294129450 443656672
296759493 442128664
299379461 440585459
301989274 439027123
304588852 437453727
307178118 435865338
309756993 434262026
312325401 432643862
314883264 431010914
317430506 429363253
319967050 427700949
322492821 426024074
325007744 424332698
327511744 422626893
330004748 420906730
332486680 419172281
334957469 417423618
337417041 415660815
339865324 413883943
342302246 412093075
344727736 410288286
347141722 408469648
349544134 406637234
351934903 404791120
354313958 402931379
356681231 401058087
359036653 399171316
361380155 397271144
363711670 395357644
366031131 393430893
368338471 391490967
370633623 389537940
372916522 387571890
375187102 385592892
377445298 383601025
379691046 381596363
381924282 379578985
384144941 377548968
386352961 375506390
388548280 373451328
390730834 371383860
392900563 369304064
395057404 367212020
397201298 365107805
399332182 362991498
401449999 360863179
403554687 358722926
405646188 356570820
407724444 354406939
409789395 352231364
411840985 350044175
413879156 347845451
415903851 345635274
417915015 343413724
419912590 341180881
421896522 338936828
423866755 336681644
425823236 334415412
427765909 332138212
429694721 329850127
431609619 327551238
433510550 325241627
435397462 322921378
437270302 320590571
439129020 318249290
440973565 315897618
442803885 313535636
444619931 311163429
446421652 308781080
448209001 306388672
449981927 303986288
451740383 301574012
453484320 299151929
455213691 296720121
456928450 294278674
458628549 291827671
460313942 289367197
461984584 286897337
463640429 284418175
465281433 281929796
466907551 279432286
468518738 276925729
470114952 274410211
471696150 271885817
473262288 269352633
474813325 266810744
476349219 264260237
477869928 261701197
479375411 259133710
480865628 256557863
482340539 253973742
483800105 251381434
485244285 248781025
486673042 246172601
488086336 243556251
489484131 240932060
490866389 238300116
492233071 235660506
493584143 233013317
494919568 230358637
496239310 227696553
497543333 225027154
498831604 222350526
500104086 219666757
501360748 216975937
502601554 214278152
503826471 211573491
505035468 208862042
506228511 206143894
507405569 203419135
508566610 200687854
509711603 197950139
510840518 195206080
511953324 192455764
513049992 189699282
514130493 186936722
515194797 184168173
516242876 181393725
517274702 178613467
518290248 175827489
519289485 173035879
520272388 170238728
521238931 167436125
522189086 164628161
523122829 161814924
524040135 158996505
524940979 156172994
525825336 153344481
526693183 150511056
527544498 147672809
528379255 144829832
529197434 141982213
529999012 139130044
530783968 136273415
531552279 133412418
532303926 130547141
533038887 127677677
533757144 124804116
534458676 121926549
535143464 119045067
535811490 116159761
536462735 113270722
537097181 110378041
537714812 107481810
538315609 104582119
538899557 101679060
539466638 98772724
540016839 95863204
540550142 92950589
541066533 90034973
541565998 87116446
542048523 84195100
542514094 81271026
542962698 78344318
543394321 75415065
543808952 72483361
544206579 69549297
544587191 66612965
544950775 63674456
545297322 60733864
545626820 57791280
545939262 54846796
546234636 51900504
546512934 48952497
546774148 46002867
547018269 43051705
547245289 40099105
547455202 37145158
547648001 34189957
547823678 31233595
547982229 28276163
548123647 25317755
548247927 22358462
548355065 19398377
548445056 16437594
548517897 13476203
548573584 10514298
548612113 7551972
548633483 4589317
548637692 1626426
548624736 -1336609
548594616 -4299695
548547330 -7262739
548482878 -10225648
548401260 -13188331
548302476 -16150693
548186527 -19112642
548053414 -22074086
547903139 -25034931
547735704 -27995085
547551112 -30954456
547349366 -33912949
547130468 -36870473
546894423 -39826935
546641236 -42782241
546370910 -45736299
546083452 -48689016
545778865 -51640300
545457158 -54590057
545118335 -57538195
544762404 -60484620
544389373 -63429241
543999248 -66371963
543592038 -69312695
543167752 -72251344
542726399 -75187816
542267988 -78122019
541792529 -81053861
541300032 -83983248
540790509 -86910087
540263970 -89834287
539720428 -92755754
539159893 -95674396
538582380 -98590119
537987900 -101502832
537376467 -104412442
536748096 -107318856
536102799 -110221981
535440593 -113121726
534761493 -116017997
534065513 -118910701
533352670 -121799748
532622981 -124685043
531876462 -127566496
531113132 -130444012
530333007 -133317501
529536106 -136186869
528722448 -139052025
527892052 -141912876
527044938 -144769330
526181125 -147621296
525300635 -150468680
524403488 -153311391
523489705 -156149337
522559310 -158982426
521612323 -161810566
520648768 -164633666
519668668 -167451633
518672046 -170264376
517658928 -173071803
516629336 -175873822
515583297 -178670343
514520837 -181461273
513441980 -184246521
512346753 -187025996
511235184 -189799607
510107299 -192567261
508963127 -195328869
507802695 -198084339
506626032 -200833580
505433168 -203576500
504224133 -206313011
502998955 -209043019
501757666 -211766435
500500297 -214483169
499226879 -217193129
497937444 -219896225
496632025 -222592368
495310654 -225281465
493973365 -227963428
492620192 -230638167
491251168 -233305591
489866329 -235965610
488465710 -238618135
487049346 -241263075
485617274 -243900343
484169530 -246529847
482706151 -249151498
481227175 -251765208
479732640 -254370886
478222585 -256968445
476697047 -259557795
475156067 -262138847
473599685 -264711513
472027941 -267275703
470440876 -269831330
468838531 -272378305
467220948 -274916540
465588169 -277445947
463940238 -279966438
462277197 -282477925
460599089 -284980320
458905960 -287473536
457197854 -289957486
455474816 -292432082
453736892 -294897237
451984128 -297352863
450216570 -299798876
448434266 -302235186
446637263 -304661709
444825609 -307078357
442999352 -309485045
441158543 -311881686
439303229 -314268195
437433462 -316644485
435549292 -319010472
433650769 -321366070
431737946 -323711193
429810874 -326045756
427869605 -328369676
425914193 -330682866
423944690 -332985243
421961151 -335276722
419963631 -337557219
417952183 -339826650
415926864 -342084932
413887730 -344331980
411834835 -346567711
409768239 -348792043
407687997 -351004893
405594168 -353206176
403486810 -355395812
401365981 -357573718
399231742 -359739811
397084152 -361894010
394923271 -364036232
392749160 -366166397
390561881 -368284424
388361494 -370390231
386148063 -372483737
383921651 -374564862
381682320 -376633526
379430134 -378689649
377165158 -380733150
374887456 -382763950
372597093 -384781971
370294137 -386787132
367978651 -388779355
365650705 -390758561
363310364 -392724673
360957696 -394677612
358592770 -396617300
356215655 -398543659
353826419 -400456614
351425133 -402356086
349011867 -404241998
346586692 -406114276
344149678 -407972842
341700898 -409817620
339240423 -411648536
336768327 -413465514
334284683 -415268478
331789565 -417057355
329283046 -418832070
326765203 -420592549
324236108 -422338718
321695840 -424070505
319144473 -425787835
316582085 -427490636
314008753 -429178836
311424554 -430852363
308829567 -432511145
306223871 -434155111
303607544 -435784189
300980667 -437398309
298343320 -438997400
295695583 -440581393
293037538 -442150217
290369266 -443703804
287690849 -445242084
285002371 -446764990
282303915 -448272452
279595563 -449764403
276877401 -451240775
274149512 -452701502
271411983 -454146517
268664898 -455575753
265908345 -456989145
263142408 -458386627
260367177 -459768134
257582737 -461133601
254789178 -462482963
251986588 -463816159
249175055 -465133122
246354670 -466433792
243525523 -467718104
240687703 -468985997
237841303 -470237409
234986412 -471472279
232123124 -472690546
229251531 -473892149
226371725 -475077029
223483801 -476245126
220587851 -477396380
217683970 -478530734
214772253 -479648129
211852795 -480748507
208925693 -481831812
205991041 -482897986
203048937 -483946974
200099478 -484978719
197142761 -485993166
194178884 -486990260
191207947 -487969948
188230047 -488932176
185245285 -489876889
182253760 -490804036
179255573 -491713564
176250824 -492605422
173239614 -493479558
170222045 -494335921
167198220 -495174462
164168241 -495995131
161132210 -496797879
158090232 -497582657
155042409 -498349417
151988848 -499098113
148929651 -499828696
145864925 -500541122
142794774 -501235343
139719306 -501911315
136638626 -502568994
133552842 -503208336
130462060 -503829296
127366388 -504431833
124265934 -505015903
121160808 -505581466
118051117 -506128480
114936972 -506656906
111818482 -507166702
108695756 -507657831
105568907 -508130253
102438043 -508583930
99303278 -509018825
96164723 -509434902
93022489 -509832125
89876689 -510210457
86727436 -510569865
83574844 -510910314
80419025 -511231771
77260095 -511534203
74098166 -511817577
70933355 -512081863
67765776 -512327030
64595544 -512553047
61422775 -512759886
58247585 -512947516
55070092 -513115911
51890410 -513265043
48708659 -513394885
45524955 -513505412
42339416 -513596598
39152160 -513668418
35963305 -513720849
32772971 -513753868
29581277 -513767452
26388341 -513761580
23194284 -513736230
19999226 -513691383
16803286 -513627020
13606586 -513543120
10409246 -513439667
7211387 -513316644
4013131 -513174033
814600 -513011820
-2384084 -512829989
-5582800 -512628526
-8781424 -512407418
-11979834 -512166652
-15177907 -511906216
-18375520 -511626100
-21572549 -511326293
-24768870 -511006786
-27964360 -510667570
-31158894 -510308638
-34352348 -509929981
-37544598 -509531595
-40735518 -509113473
-43924983 -508675611
-47112869 -508218005
-50299049 -507740653
-53483399 -507243552
-56665792 -506726700
-59846102 -506190098
-63024204 -505633745
-66199972 -505057644
-69373277 -504461795
-72543995 -503846203
-75711998 -503210870
-78877160 -502555801
-82039353 -501881002
-85198450 -501186479
-88354324 -500472239
-91506848 -499738290
-94655894 -498984641
-97801335 -498211302
-100943043 -497418284
-104080889 -496605598
-107214747 -495773257
-110344488 -494921273
-113469985 -494049661
-116591108 -493158437
-119707731 -492247615
-122819725 -491317214
-125926961 -490367250
-129029312 -489397742
-132126649 -488408711
-135218844 -487400176
-138305769 -486372158
-141387295 -485324681
-144463293 -484257766
-147533637 -483171440
-150598196 -482065725
-153656844 -480940649
-156709451 -479796238
-159755890 -478632519
-162796032 -477449523
-165829750 -476247277
-168856914 -475025814
-171877398 -473785163
-174891073 -472525359
-177897812 -471246433
-180897486 -469948420
-183889968 -468631356
-186875130 -467295276
-189852845 -465940218
-192822986 -464566220
-195785425 -463173320
-198740036 -461761559
-201686690 -460330977
-204625263 -458881616
-207555627 -457413519
-210477655 -455926729
-213391221 -454421291
-216296200 -452897250
-219192464 -451354654
-222079890 -449793549
-224958350 -448213983
-227827721 -446616007
-230687876 -444999669
-233538691 -443365023
-236380041 -441712119
-239211802 -440041010
-242033851 -438351751
-244846062 -436644397
-247648313 -434919003
-250440481 -433175627
-253222441 -431414326
-255994073 -429635159
-258755253 -427838186
-261505859 -426023466
-264245770 -424191063
-266974864 -422341037
-269693020 -420473453
-272400118 -418588376
-275096037 -416685869
-277780657 -414766000
-280453858 -412828836
-283115522 -410874444
-285765530 -408902894
-288403763 -406914256
-291030103 -404908600
-293644433 -402885999
-296246635 -400846525
-298836593 -398790251
-301414190 -396717252
-303979311 -394627604
-306531840 -392521383
-309071662 -390398666
-311598664 -388259531
-314112730 -386104058
-316613748 -383932326
-319101605 -381744416
-321576188 -379540410
-324037385 -377320391
-326485085 -375084442
-328919178 -372832648
-331339552 -370565094
-333746099 -368281865
-336138708 -365983050
-338517272 -363668735
-340881682 -361339010
-343231832 -358993965
-345567613 -356633690
-347888920 -354258275
-350195648 -351867815
-352487691 -349462400
-354764945 -347042126
-357027306 -344607087
-359274671 -342157379
-361506938 -339693098
-363724005 -337214341
-365925771 -334721206
-368112136 -332213792
-370282999 -329692198
-372438262 -327156526
-374577826 -324606876
-376701594 -322043351
-378809469 -319466052
-380901355 -316875085
-382977156 -314270552
-385036778 -311652559
-387080126 -309021213
-389107107 -306376619
-391117630 -303718885
-393111601 -301048120
-395088932 -298364432
-397049530 -295667930
-398993307 -292958725
-400920175 -290236929
-402830046 -287502652
-404722832 -284756008
-406598448 -281997109
-408456809 -279226069
-410297830 -276443004
-412121427 -273648027
-413927518 -270841256
-415716021 -268022806
-417486855 -265192794
-419239940 -262351340
-420975196 -259498560
-422692545 -256634575
-424391910 -253759504
-426073214 -250873467
-427736381 -247976585
-429381336 -245068981
-431008006 -242150775
-432616318 -239222092
-434206199 -236283054
-435777579 -233333785
-437330386 -230374409
-438864553 -227405053
-440380010 -224425841
-441876690 -221436899
-443354527 -218438354
-444813455 -215430334
-446253410 -212412966
-447674329 -209386378
-449076148 -206350699
-450458806 -203306058
-451822243 -200252585
-453166399 -197190409
-454491215 -194119662
-455796634 -191040475
-457082600 -187952979
-458349056 -184857305
-459595948 -181753587
-460823222 -178641957
-462030826 -175522548
-463218709 -172395494
-464386819 -169260928
-465535108 -166118986
-466663527 -162969801
-467772028 -159813509
-468860565 -156650245
-469929093 -153480145
-470977568 -150303345
-472005946 -147119981
-473014185 -143930190
-474002243 -140734110
-474970082 -137531876
-475917662 -134323628
-476844944 -131109502
-477751893 -127889638
-478638471 -124664172
-479504646 -121433245
-480350381 -118196994
-481175646 -114955559
-481980409 -111709079
